b = 333400 / 3;
k = 1001879 / 9;

dm = dr*k*d*dr;
